╔═══ DATA PIPELINE REPORT ═══╗
Samples: 2454
Features: 21
Date range: day 17030 to 20594
Class balance: UP=1343 (54.7%) DOWN=1111 (45.3%)

Feature stats (pre-normalization):
  Name                               Min          Max         Mean          Std
  ---                                ---          ---          ---          ---
                                -11.1641       7.8747       0.0000       0.0005
                                 -8.5547       6.7361       0.0000       0.0025
                                 -8.2716       4.1977       0.0000       0.0099
                                 -1.0877      11.3671      -0.0000       0.0079
                                 -1.1097       7.8722       0.0000       0.0092
                                 -8.2207       4.3284      -0.0000       0.0054
                                 -7.5528       3.1438       0.0000       0.0129
                                 -1.2904       8.6888       0.0000      18.6505
                                 -4.9671      10.3432      -0.0000      -0.0013
                                -11.0742      18.6017      -0.0000       0.0001
                                -12.0491      12.2682       0.0000       0.0003
                                 -1.9141       1.8038       0.0000       2.8161
                                 -6.3519       6.1493       0.0000      -0.0002
                                  0.0000       0.0000       0.0000       0.0000
                                -11.1641       7.8747       0.0000       0.0005
                                -12.4550      10.8607       0.0000      -0.0000
                                 -1.4470       1.4115      -0.0000       0.5041
                                 -1.5996       1.5749      -0.0000       0.5039
                                 -1.2190      10.5897       0.0000       0.0451
                                 -0.1452      12.6452       0.0000       0.0004
                                 -3.2478       3.1651       0.0000       2.3157
